---
LikedChapter_1:
  id: 1
  user_id: 1
  chapter_id: 1
  created_at: 2015-11-26 18:14:02.000000000 Z
  updated_at: 2015-11-26 18:14:02.000000000 Z
LikedChapter_2:
  id: 2
  user_id: 1
  chapter_id: 1
  created_at: 2015-11-26 18:14:02.000000000 Z
  updated_at: 2015-11-26 18:14:02.000000000 Z
LikedChapter_3:
  id: 3
  user_id: 1
  chapter_id: 2
  created_at: 2015-11-26 18:14:02.000000000 Z
  updated_at: 2015-11-26 18:14:02.000000000 Z
LikedChapter_4:
  id: 4
  user_id: 1
  chapter_id: 2
  created_at: 2015-11-26 18:14:03.000000000 Z
  updated_at: 2015-11-26 18:14:03.000000000 Z
